INDIRICI_ID	X1	Y1	X2	Y2	
1	3275809.40	4989497.97	3275809.40	4989497.97	
END					
MUSTERI_ID	TIP	X1	Y1	X2	Y2
112465	1	3476887.00	5182877.38	3476887.00	5182877.38
113033	1	3474405.90	5181382.36	3474405.90	5181382.36
114421	1	3474639.00	5181993.85	3474639.00	5181993.85
114992	1	3477869.70	5183161.29	3477869.70	5183161.29
116613	1	3475815.90	5181889.71	3475815.90	5181889.71
117630	1	3475362.80	5181514.97	3475362.80	5181514.97
119828	1	3474385.00	5181863.60	3474385.00	5181863.60
119903	1	3473622.10	5182262.05	3473622.10	5182262.05
119904	1	3473580.30	5182250.77	3473580.30	5182250.77
119905	1	3475265.20	5181320.29	3475265.20	5181320.29
119967	1	3474340.10	5182300.80	3474340.10	5182300.80
120030	2	3477493.90	5183896.27	3477493.90	5183896.27
120128	1	3474060.70	5182224.56	3474060.70	5182224.56
120149	1	3474203.80	5181979.26	3474203.80	5181979.26
120240	2	3478218.80	5182685.78	3478218.80	5182685.78
120242	2	3479423.30	5182731.13	3479423.30	5182731.13
120302	1	3476922.80	5179947.16	3476922.80	5179947.16
120304	1	3477733.10	5181268.95	3477733.10	5181268.95
120333	1	3476442.20	5179870.71	3476442.20	5179870.71
120338	2	3476270.90	5180274.77	3476270.90	5180274.77
120339	2	3476138.00	5181727.13	3476138.00	5181727.13
120404	2	3475300.50	5182450.24	3475300.50	5182450.24
120413	1	3477314.20	5182552.85	3477314.20	5182552.85
120428	1	3473880.50	5182223.82	3473880.50	5182223.82
120443	2	3475686.00	5181660.74	3475686.00	5181660.74
120478	1	3477862.20	5183156.08	3477862.20	5183156.08
120480	1	3476417.10	5183131.92	3476417.10	5183131.92
120483	1	3476735.10	5182857.96	3476735.10	5182857.96
120503	1	3475932.70	5181934.72	3475932.70	5181934.72
120550	1	3473137.90	5182333.00	3473137.90	5182333.00
120552	2	3475533.40	5180263.93	3475533.40	5180263.93
120576	2	3478979.60	5182150.94	3478979.60	5182150.94
120587	1	3476117.50	5182693.60	3476117.50	5182693.60
120609	2	3477082.20	5182328.97	3477082.20	5182328.97
120613	1	3478089.20	5183004.48	3478089.20	5183004.48
120651	1	3476768.30	5183153.72	3476768.30	5183153.72
120652	1	3477140.80	5182873.59	3477140.80	5182873.59
120654	2	3476054.70	5181936.46	3476054.70	5181936.46
120657	1	3476376.00	5182251.03	3476376.00	5182251.03
120711	1	3477485.10	5181242.28	3477485.10	5181242.28
120726	2	3484180.70	5183849.42	3484180.70	5183849.42
120727	2	3483083.10	5183665.86	3483083.10	5183665.86
120728	2	3485130.30	5184372.50	3485130.30	5184372.50
120753	1	3476311.40	5183614.14	3476311.40	5183614.14
120755	1	3477644.00	5183247.45	3477644.00	5183247.45
120759	1	3476903.40	5179953.23	3476903.40	5179953.23
120761	1	3477176.20	5183466.84	3477176.20	5183466.84
120819	1	3475445.20	5181204.59	3475445.20	5181204.59
120834	1	3478082.90	5183013.42	3478082.90	5183013.42
120917	1	3477176.30	5183809.10	3477176.30	5183809.10
120943	2	3479369.30	5182856.28	3479369.30	5182856.28
120944	2	3479582.20	5182726.38	3479582.20	5182726.38
120946	1	3475108.90	5182106.30	3475108.90	5182106.30
120990	2	3477126.00	5182155.21	3477126.00	5182155.21
121058	2	3475630.50	5182648.51	3475630.50	5182648.51
121062	2	3476066.90	5180343.54	3476066.90	5180343.54
121070	1	3476670.50	5182294.09	3476670.50	5182294.09
121139	2	3478217.40	5182692.29	3478217.40	5182692.29
121160	3	3476683.60	5184236.40	3476683.60	5184236.40
121252	2	3485545.30	5184550.71	3485545.30	5184550.71
121286	2	3476807.60	5180631.76	3476807.60	5180631.76
121292	1	3477228.20	5183899.53	3477228.20	5183899.53
121558	2	3481716.00	5183382.15	3481716.00	5183382.15
121559	2	3481818.40	5183407.93	3481818.40	5183407.93
121655	2	3482388.20	5183538.42	3482388.20	5183538.42
121656	2	3482495.50	5183559.70	3482495.50	5183559.70
121657	2	3482600.70	5183577.03	3482600.70	5183577.03
121658	2	3482704.90	5183595.77	3482704.90	5183595.77
121680	1	3475855.20	5182181.32	3475855.20	5182181.32
121752	1	3476004.70	5183134.86	3476004.70	5183134.86
121806	2	3482062.80	5183481.69	3482062.80	5183481.69
121807	2	3482167.50	5183495.74	3482167.50	5183495.74
121808	1	3474905.00	5181546.21	3474905.00	5181546.21
121879	1	3476872.50	5182452.97	3476872.50	5182452.97
121956	2	3476114.30	5181732.76	3476114.30	5181732.76
122019	1	3476035.90	5182195.52	3476035.90	5182195.52
122022	1	3474829.10	5181991.64	3474829.10	5181991.64
122026	1	3477137.50	5182876.50	3477137.50	5182876.50
122028	1	3476899.30	5182959.82	3476899.30	5182959.82
122095	1	3473155.40	5182369.67	3473155.40	5182369.67
122099	1	3477298.90	5183264.41	3477298.90	5183264.41
122161	1	3476725.90	5182751.08	3476725.90	5182751.08
122162	1	3476626.90	5182695.18	3476626.90	5182695.18
122163	1	3476439.50	5182751.91	3476439.50	5182751.91
122164	1	3476339.10	5182553.69	3476339.10	5182553.69
122169	1	3476629.30	5182495.39	3476629.30	5182495.39
122171	1	3475397.70	5182165.83	3475397.70	5182165.83
122180	2	3477270.70	5182401.97	3477270.70	5182401.97
122232	1	3477101.50	5183168.65	3477101.50	5183168.65
122245	2	3478299.00	5182479.36	3478299.00	5182479.36
122313	2	3478425.40	5182560.55	3478425.40	5182560.55
122314	2	3475088.10	5181884.24	3475088.10	5181884.24
122316	1	3477161.70	5183451.15	3477161.70	5183451.15
122322	2	3478969.90	5182142.49	3478969.90	5182142.49
122381	2	3478884.00	5182053.24	3478884.00	5182053.24
122413	1	3477144.50	5182859.57	3477144.50	5182859.57
122414	1	3477139.90	5182860.59	3477139.90	5182860.59
122482	2	3479213.70	5182113.05	3479213.70	5182113.05
122484	2	3479281.90	5182824.68	3479281.90	5182824.68
122576	2	3478248.20	5182697.84	3478248.20	5182697.84
122590	2	3477995.50	5182645.83	3477995.50	5182645.83
122660	2	3478774.20	5182782.96	3478774.20	5182782.96
122661	2	3478719.70	5182774.23	3478719.70	5182774.23
122750	2	3478659.70	5182763.63	3478659.70	5182763.63
122751	2	3478600.70	5182753.85	3478600.70	5182753.85
122787	2	3479376.00	5182780.52	3479376.00	5182780.52
122827	1	3477519.00	5181195.59	3477519.00	5181195.59
122828	1	3477479.20	5181138.13	3477479.20	5181138.13
122829	1	3477431.60	5181128.47	3477431.60	5181128.47
123088	2	3482807.10	5183614.32	3482807.10	5183614.32
123089	2	3482911.70	5183629.47	3482911.70	5183629.47
123090	2	3483015.50	5183649.37	3483015.50	5183649.37
123131	3	3476838.70	5180603.95	3476838.70	5180603.95
123214	1	3477198.30	5182278.72	3477198.30	5182278.72
123215	2	3477104.20	5182259.56	3477104.20	5182259.56
123219	2	3479204.60	5182843.28	3479204.60	5182843.28
123298	2	3477733.00	5182589.74	3477733.00	5182589.74
123398	2	3479090.40	5182827.23	3479090.40	5182827.23
123399	2	3479013.30	5182814.90	3479013.30	5182814.90
123400	2	3478950.20	5182808.43	3478950.20	5182808.43
123402	2	3478887.10	5182800.64	3478887.10	5182800.64
123670	2	3478827.90	5182790.92	3478827.90	5182790.92
123803	2	3478541.80	5182743.53	3478541.80	5182743.53
123804	2	3478482.00	5182733.39	3478482.00	5182733.39
123805	2	3478423.10	5182723.73	3478423.10	5182723.73
123806	2	3478365.90	5182715.52	3478365.90	5182715.52
123807	2	3478306.20	5182705.76	3478306.20	5182705.76
124165	2	3479587.90	5182709.73	3479587.90	5182709.73
124487	1	3477283.20	5182282.43	3477283.20	5182282.43
124536	1	3477244.50	5182284.75	3477244.50	5182284.75
124552	2	3482282.30	5183518.74	3482282.30	5183518.74
124620	2	3478217.30	5182658.35	3478217.30	5182658.35
124621	2	3478116.80	5182670.05	3478116.80	5182670.05
124708	2	3478292.20	5182479.50	3478292.20	5182479.50
124709	2	3478278.70	5182546.68	3478278.70	5182546.68
124711	2	3478263.80	5182606.79	3478263.80	5182606.79
124712	2	3478292.30	5182595.77	3478292.30	5182595.77
124737	2	3484755.60	5184120.35	3484755.60	5184120.35
124791	2	3479815.70	5182928.16	3479815.70	5182928.16
124828	2	3483378.60	5183719.52	3483378.60	5183719.52
124892	2	3483499.40	5183741.86	3483499.40	5183741.86
124893	2	3483621.50	5183764.06	3483621.50	5183764.06
124894	2	3483758.20	5183785.08	3483758.20	5183785.08
124895	2	3483862.30	5183792.15	3483862.30	5183792.15
124896	2	3483996.90	5183791.63	3483996.90	5183791.63
124897	2	3484084.30	5183824.15	3484084.30	5183824.15
124905	2	3485011.50	5184290.47	3485011.50	5184290.47
124906	2	3484933.40	5184234.50	3484933.40	5184234.50
124907	2	3484848.80	5184179.56	3484848.80	5184179.56
125246	2	3481031.60	5183169.71	3481031.60	5183169.71
125247	2	3478541.80	5182744.19	3478541.80	5182744.19
125263	2	3480181.90	5182999.81	3480181.90	5182999.81
125264	2	3480085.30	5182983.86	3480085.30	5182983.86
125265	2	3480002.60	5182969.83	3480002.60	5182969.83
125266	2	3479920.10	5182956.99	3479920.10	5182956.99
125314	2	3478481.90	5182734.05	3478481.90	5182734.05
125315	2	3478423.10	5182724.39	3478423.10	5182724.39
125316	2	3478365.90	5182716.18	3478365.90	5182716.18
125317	2	3478306.20	5182706.42	3478306.20	5182706.42
125318	2	3478248.20	5182698.51	3478248.20	5182698.51
125403	2	3481071.30	5183199.94	3481071.30	5183199.94
125583	2	3479638.90	5182655.61	3479638.90	5182655.61
125584	2	3479609.60	5182712.39	3479609.60	5182712.39
125585	2	3479526.80	5182829.55	3479526.80	5182829.55
125586	2	3479460.20	5182868.80	3479460.20	5182868.80
125587	2	3481443.70	5183306.48	3481443.70	5183306.48
125588	2	3481337.50	5183276.79	3481337.50	5183276.79
125589	2	3481232.60	5183246.57	3481232.60	5183246.57
125675	2	3480612.80	5183018.42	3480612.80	5183018.42
125676	2	3480715.50	5182989.51	3480715.50	5182989.51
125758	2	3481127.30	5183217.46	3481127.30	5183217.46
125759	2	3481525.80	5183319.81	3481525.80	5183319.81
125765	2	3477936.20	5182637.61	3477936.20	5182637.61
125830	2	3478887.10	5182801.30	3478887.10	5182801.30
125831	2	3478827.90	5182791.58	3478827.90	5182791.58
125832	2	3478774.20	5182783.63	3478774.20	5182783.63
125855	2	3481611.10	5183337.74	3481611.10	5183337.74
125951	2	3480822.40	5182956.13	3480822.40	5182956.13
126202	2	3480921.60	5182987.69	3480921.60	5182987.69
126203	2	3480287.40	5183011.09	3480287.40	5183011.09
126354	2	3485389.40	5184437.54	3485389.40	5184437.54
126365	2	3479204.60	5182843.94	3479204.60	5182843.94
126366	2	3479150.70	5182838.53	3479150.70	5182838.53
126367	2	3479090.30	5182827.89	3479090.30	5182827.89
126368	2	3479013.30	5182815.57	3479013.30	5182815.57
126433	2	3478950.20	5182809.09	3478950.20	5182809.09
126475	2	3480974.20	5183083.43	3480974.20	5183083.43
126519	2	3478719.70	5182774.89	3478719.70	5182774.89
126520	2	3478659.70	5182764.29	3478659.70	5182764.29
126521	2	3478600.60	5182754.55	3478600.60	5182754.55
126544	2	3480499.30	5183024.92	3480499.30	5183024.92
126545	2	3480399.10	5183018.32	3480399.10	5183018.32
126775	2	3477875.70	5182623.63	3477875.70	5182623.63
126776	2	3478060.10	5182657.33	3478060.10	5182657.33
127631	2	3477875.60	5182624.29	3477875.60	5182624.29
127632	2	3477936.20	5182638.27	3477936.20	5182638.27
127633	2	3478060.00	5182657.99	3478060.00	5182657.99
127714	2	3477733.00	5182589.08	3477733.00	5182589.08
127715	2	3477995.50	5182645.17	3477995.50	5182645.17
127716	2	3477807.30	5182607.13	3477807.30	5182607.13
128488	1	3477636.60	5184229.23	3477636.60	5184229.23
129702	2	3475116.60	5181469.89	3475116.60	5181469.89
134289	1	3474924.30	5181442.47	3474924.30	5181442.47
134296	1	3474362.70	5181913.02	3474362.70	5181913.02
134346	1	3474233.60	5182280.32	3474233.60	5182280.32
134432	2	3477295.30	5183513.17	3477295.30	5183513.17
134492	1	3474355.60	5182379.33	3474355.60	5182379.33
134493	1	3474348.90	5182405.06	3474348.90	5182405.06
134495	1	3473689.60	5182247.98	3473689.60	5182247.98
134496	1	3473633.00	5182241.57	3473633.00	5182241.57
134497	1	3473684.90	5182228.59	3473684.90	5182228.59
134498	1	3473733.00	5182219.57	3473733.00	5182219.57
134499	1	3473765.20	5182211.81	3473765.20	5182211.81
134526	3	3476701.90	5184208.01	3476701.90	5184208.01
134527	3	3476731.00	5184165.69	3476731.00	5184165.69
134528	3	3476759.30	5184123.05	3476759.30	5184123.05
134529	3	3476779.70	5184067.77	3476779.70	5184067.77
134530	3	3476811.00	5184043.96	3476811.00	5184043.96
134552	1	3477386.70	5182920.96	3477386.70	5182920.96
134602	1	3474643.40	5182235.36	3474643.40	5182235.36
134603	1	3474582.10	5182249.87	3474582.10	5182249.87
134604	1	3474531.90	5182261.77	3474531.90	5182261.77
134605	1	3474493.40	5182271.61	3474493.40	5182271.61
134606	1	3474439.80	5182283.63	3474439.80	5182283.63
134613	1	3474306.80	5182299.20	3474306.80	5182299.20
134614	1	3474339.90	5182351.38	3474339.90	5182351.38
134661	1	3475281.60	5182766.29	3475281.60	5182766.29
134698	1	3474297.10	5182293.03	3474297.10	5182293.03
134703	1	3473766.70	5182001.26	3473766.70	5182001.26
134796	1	3473721.30	5182010.76	3473721.30	5182010.76
134849	1	3477117.50	5183719.06	3477117.50	5183719.06
134851	1	3476678.40	5182317.21	3476678.40	5182317.21
134867	1	3475802.60	5182918.38	3475802.60	5182918.38
134925	3	3477251.80	5183372.75	3477251.80	5183372.75
134926	3	3477268.10	5183426.43	3477268.10	5183426.43
134927	3	3477281.00	5183465.24	3477281.00	5183465.24
134936	2	3475875.30	5180349.11	3475875.30	5180349.11
135011	1	3474863.70	5182567.98	3474863.70	5182567.98
135012	1	3474311.80	5182269.92	3474311.80	5182269.92
135014	2	3475819.00	5180337.85	3475819.00	5180337.85
135073	1	3474827.90	5182553.41	3474827.90	5182553.41
135074	1	3474788.10	5182551.65	3474788.10	5182551.65
135075	1	3475026.30	5182613.61	3475026.30	5182613.61
135076	1	3475002.50	5182647.27	3475002.50	5182647.27
135077	1	3474992.70	5182674.48	3474992.70	5182674.48
135078	1	3474969.40	5182711.65	3474969.40	5182711.65
135089	3	3476858.90	5183969.87	3476858.90	5183969.87
135090	2	3476882.80	5183931.07	3476882.80	5183931.07
135101	1	3476097.90	5183711.10	3476097.90	5183711.10
135257	1	3474862.80	5182698.39	3474862.80	5182698.39
135271	1	3477793.90	5183114.60	3477793.90	5183114.60
135348	1	3475412.10	5181221.04	3475412.10	5181221.04
135515	1	3476813.60	5180648.93	3476813.60	5180648.93
135516	1	3476799.30	5180680.51	3476799.30	5180680.51
135517	1	3476770.40	5180711.61	3476770.40	5180711.61
135518	1	3476746.10	5180741.76	3476746.10	5180741.76
135589	2	3476105.70	5181007.50	3476105.70	5181007.50
135590	2	3476103.90	5181035.69	3476103.90	5181035.69
135591	2	3476090.70	5181091.86	3476090.70	5181091.86
135598	2	3475589.90	5180270.34	3475589.90	5180270.34
135599	2	3475646.70	5180281.24	3475646.70	5180281.24
135600	2	3475669.10	5180283.69	3475669.10	5180283.69
135615	2	3475665.50	5182700.41	3475665.50	5182700.41
135624	1	3476107.50	5183308.99	3476107.50	5183308.99
135625	1	3476094.80	5183260.30	3476094.80	5183260.30
135626	1	3476077.70	5183226.77	3476077.70	5183226.77
135627	1	3476041.80	5183181.77	3476041.80	5183181.77
135629	1	3475929.60	5183042.93	3475929.60	5183042.93
135641	1	3475239.70	5182741.87	3475239.70	5182741.87
135661	1	3475817.60	5183532.67	3475817.60	5183532.67
135662	1	3475834.90	5183555.15	3475834.90	5183555.15
135663	1	3475872.20	5183621.63	3475872.20	5183621.63
135664	1	3475919.30	5183654.88	3475919.30	5183654.88
135665	1	3475958.60	5183686.50	3475958.60	5183686.50
135666	1	3475996.80	5183717.69	3475996.80	5183717.69
135667	2	3476309.50	5181174.53	3476309.50	5181174.53
135668	2	3476271.70	5181181.45	3476271.70	5181181.45
135669	2	3476224.70	5181208.38	3476224.70	5181208.38
135670	1	3476719.70	5179942.77	3476719.70	5179942.77
135699	1	3473293.80	5182234.44	3473293.80	5182234.44
135712	3	3476832.00	5183994.27	3476832.00	5183994.27
135750	1	3476811.10	5180066.86	3476811.10	5180066.86
135751	1	3476845.20	5180043.36	3476845.20	5180043.36
135752	1	3476807.30	5180013.54	3476807.30	5180013.54
135753	1	3476759.60	5179975.95	3476759.60	5179975.95
135754	1	3476580.50	5179818.51	3476580.50	5179818.51
135755	1	3476628.90	5179863.38	3476628.90	5179863.38
135756	1	3475370.30	5181241.76	3475370.30	5181241.76
135760	2	3477003.00	5182284.99	3477003.00	5182284.99
135761	2	3476955.80	5182270.52	3476955.80	5182270.52
135762	2	3476926.90	5182260.41	3476926.90	5182260.41
135776	1	3477426.20	5182627.07	3477426.20	5182627.07
135777	1	3477472.60	5182635.49	3477472.60	5182635.49
135778	1	3477507.90	5182642.70	3477507.90	5182642.70
135779	1	3477551.20	5182662.66	3477551.20	5182662.66
135780	1	3477594.40	5182679.35	3477594.40	5182679.35
135786	2	3476113.10	5181140.37	3476113.10	5181140.37
135787	2	3476114.60	5181203.87	3476114.60	5181203.87
135792	2	3476247.30	5180302.40	3476247.30	5180302.40
135793	2	3476193.40	5180340.11	3476193.40	5180340.11
135840	1	3476022.00	5183731.52	3476022.00	5183731.52
135851	1	3477332.10	5183274.56	3477332.10	5183274.56
135852	1	3477395.20	5183294.72	3477395.20	5183294.72
135853	2	3476119.20	5181250.30	3476119.20	5181250.30
135854	2	3476108.80	5181290.31	3476108.80	5181290.31
135855	2	3476171.50	5181242.54	3476171.50	5181242.54
135856	1	3478086.80	5182739.46	3478086.80	5182739.46
135857	1	3478059.70	5183019.07	3478059.70	5183019.07
135858	1	3478020.50	5183054.39	3478020.50	5183054.39
135870	1	3477796.60	5183240.74	3477796.60	5183240.74
135871	1	3477769.80	5183257.51	3477769.80	5183257.51
135872	2	3477601.60	5184703.14	3477601.60	5184703.14
135917	1	3477428.80	5183305.46	3477428.80	5183305.46
135932	1	3478370.50	5182846.62	3478370.50	5182846.62
135933	1	3478161.50	5183180.61	3478161.50	5183180.61
135934	1	3478113.40	5183156.32	3478113.40	5183156.32
135935	1	3478139.60	5183103.84	3478139.60	5183103.84
135936	1	3478089.70	5183017.08	3478089.70	5183017.08
135937	1	3478119.70	5183028.70	3478119.70	5183028.70
135938	1	3478165.40	5183047.26	3478165.40	5183047.26
135949	2	3476130.00	5181365.59	3476130.00	5181365.59
135950	2	3476117.60	5181325.30	3476117.60	5181325.30
135951	2	3476340.90	5181219.74	3476340.90	5181219.74
136004	1	3478236.00	5182905.39	3478236.00	5182905.39
136143	1	3474820.70	5182696.44	3474820.70	5182696.44
136144	1	3474793.70	5182722.47	3474793.70	5182722.47
136145	1	3474774.70	5182754.23	3474774.70	5182754.23
136158	1	3473805.40	5182203.30	3473805.40	5182203.30
136205	1	3475740.60	5182829.83	3475740.60	5182829.83
136206	2	3475606.70	5182630.58	3475606.70	5182630.58
136207	2	3475553.40	5182600.86	3475553.40	5182600.86
136208	2	3475512.30	5182578.36	3475512.30	5182578.36
136209	2	3475479.30	5182559.67	3475479.30	5182559.67
136210	2	3475444.40	5182540.39	3475444.40	5182540.39
136226	2	3477556.40	5183627.95	3477556.40	5183627.95
136294	2	3476057.80	5180328.49	3476057.80	5180328.49
136297	1	3476224.90	5183489.57	3476224.90	5183489.57
136303	1	3476219.60	5183514.27	3476219.60	5183514.27
136360	1	3477818.80	5182928.64	3477818.80	5182928.64
136362	1	3477847.20	5182938.64	3477847.20	5182938.64
136364	2	3477558.90	5184691.96	3477558.90	5184691.96
136365	2	3477552.20	5184650.02	3477552.20	5184650.02
136366	1	3477531.40	5184595.94	3477531.40	5184595.94
136452	1	3477162.00	5181034.61	3477162.00	5181034.61
136453	1	3477132.40	5181006.42	3477132.40	5181006.42
136454	1	3477109.70	5180984.46	3477109.70	5180984.46
136455	1	3477081.60	5180957.37	3477081.60	5180957.37
136512	1	3474939.30	5182558.74	3474939.30	5182558.74
136513	1	3477152.00	5183760.57	3477152.00	5183760.57
136526	1	3473517.60	5182247.64	3473517.60	5182247.64
136527	1	3473466.20	5182243.35	3473466.20	5182243.35
136528	1	3473391.20	5182242.29	3473391.20	5182242.29
136529	1	3473345.70	5182239.37	3473345.70	5182239.37
136574	2	3477308.10	5183554.37	3477308.10	5183554.37
136575	2	3477325.80	5183614.50	3477325.80	5183614.50
136595	1	3476242.90	5183326.36	3476242.90	5183326.36
136606	1	3476106.10	5183364.25	3476106.10	5183364.25
136625	1	3474701.40	5181731.96	3474701.40	5181731.96
136626	1	3477662.70	5182706.86	3477662.70	5182706.86
136627	1	3477696.90	5182720.69	3477696.90	5182720.69
136637	2	3477408.60	5183830.97	3477408.60	5183830.97
136638	2	3477379.40	5183789.63	3477379.40	5183789.63
136644	1	3476482.90	5179834.83	3476482.90	5179834.83
136646	1	3476530.40	5179859.55	3476530.40	5179859.55
136661	2	3477155.70	5183824.21	3477155.70	5183824.21
136662	2	3477108.80	5183849.24	3477108.80	5183849.24
136671	1	3477425.10	5184258.55	3477425.10	5184258.55
136672	1	3477233.50	5184191.58	3477233.50	5184191.58
136673	1	3477277.10	5184178.08	3477277.10	5184178.08
136679	2	3477042.50	5181947.46	3477042.50	5181947.46
136680	2	3477035.60	5181994.95	3477035.60	5181994.95
136681	2	3477028.60	5182031.38	3477028.60	5182031.38
136692	1	3477727.20	5182731.43	3477727.20	5182731.43
136693	1	3477819.10	5182767.19	3477819.10	5182767.19
136694	1	3477872.40	5182788.09	3477872.40	5182788.09
136695	1	3477680.00	5182878.74	3477680.00	5182878.74
136696	1	3473248.30	5182232.21	3473248.30	5182232.21
136697	1	3473192.70	5182229.13	3473192.70	5182229.13
136698	1	3473143.90	5182255.02	3473143.90	5182255.02
136699	1	3473141.10	5182292.89	3473141.10	5182292.89
136707	1	3477974.00	5183099.66	3477974.00	5183099.66
136711	1	3477836.30	5183216.36	3477836.30	5183216.36
136746	1	3473947.80	5182196.45	3473947.80	5182196.45
136747	1	3474011.80	5182208.95	3474011.80	5182208.95
136758	2	3476063.20	5180303.78	3476063.20	5180303.78
136759	2	3476114.50	5180317.85	3476114.50	5180317.85
136760	2	3476158.90	5180329.77	3476158.90	5180329.77
136838	2	3477521.70	5183637.94	3477521.70	5183637.94
136839	2	3477470.40	5183652.77	3477470.40	5183652.77
136840	2	3477434.30	5183663.93	3477434.30	5183663.93
136851	1	3476530.50	5179690.60	3476530.50	5179690.60
136852	1	3476485.20	5179715.80	3476485.20	5179715.80
136853	1	3476543.60	5179773.19	3476543.60	5179773.19
136887	1	3477731.40	5182902.13	3477731.40	5182902.13
136889	2	3476370.50	5181270.41	3476370.50	5181270.41
136924	1	3477385.50	5182630.02	3477385.50	5182630.02
136925	1	3476118.90	5183676.86	3476118.90	5183676.86
136926	1	3476101.30	5183707.13	3476101.30	5183707.13
136943	1	3474017.10	5182181.08	3474017.10	5182181.08
136944	1	3474084.50	5182203.10	3474084.50	5182203.10
136945	1	3474108.80	5182219.07	3474108.80	5182219.07
136946	1	3474143.80	5182233.76	3474143.80	5182233.76
136962	1	3476854.50	5180011.02	3476854.50	5180011.02
136973	1	3476673.70	5179903.09	3476673.70	5179903.09
136982	1	3476893.20	5180863.87	3476893.20	5180863.87
136985	1	3473541.50	5182286.61	3473541.50	5182286.61
136986	1	3473581.40	5182270.12	3473581.40	5182270.12
136987	1	3473535.90	5182256.26	3473535.90	5182256.26
136996	2	3475312.60	5181443.80	3475312.60	5181443.80
137079	1	3477114.60	5183678.10	3477114.60	5183678.10
137140	1	3477126.10	5183599.43	3477126.10	5183599.43
137143	1	3475353.60	5181079.09	3475353.60	5181079.09
137169	1	3477906.80	5182789.12	3477906.80	5182789.12
137212	1	3475395.60	5181179.08	3475395.60	5181179.08
137214	1	3475336.30	5181260.03	3475336.30	5181260.03
137215	1	3475295.80	5181275.02	3475295.80	5181275.02
137247	1	3477911.10	5182756.19	3477911.10	5182756.19
137248	1	3477910.00	5182716.98	3477910.00	5182716.98
137249	1	3477964.00	5182722.85	3477964.00	5182722.85
137250	1	3478012.70	5182730.63	3478012.70	5182730.63
137251	1	3478051.70	5182736.04	3478051.70	5182736.04
137276	1	3474325.60	5181934.88	3474325.60	5181934.88
137277	1	3474280.20	5181963.41	3474280.20	5181963.41
137278	1	3474388.30	5181796.72	3474388.30	5181796.72
137307	2	3477430.00	5184500.62	3477430.00	5184500.62
137308	1	3477521.10	5183333.57	3477521.10	5183333.57
137309	1	3475378.10	5181138.51	3475378.10	5181138.51
137322	1	3475835.50	5181988.78	3475835.50	5181988.78
137323	2	3475779.80	5181959.36	3475779.80	5181959.36
137324	2	3475729.50	5181934.94	3475729.50	5181934.94
137325	2	3475670.00	5181908.61	3475670.00	5181908.61
137361	1	3474914.10	5181987.13	3474914.10	5181987.13
137362	1	3474960.30	5182195.62	3474960.30	5182195.62
137363	1	3474996.20	5182197.69	3474996.20	5182197.69
137364	1	3475041.70	5182201.07	3475041.70	5182201.07
137365	1	3475019.50	5182053.64	3475019.50	5182053.64
137366	1	3475060.00	5182079.67	3475060.00	5182079.67
137367	1	3474981.80	5182032.44	3474981.80	5182032.44
137368	1	3473776.70	5182038.07	3473776.70	5182038.07
137389	1	3476847.80	5180843.63	3476847.80	5180843.63
137390	1	3476805.80	5180828.10	3476805.80	5180828.10
137391	1	3476765.30	5180812.94	3476765.30	5180812.94
137440	1	3477788.00	5182755.55	3477788.00	5182755.55
137453	1	3475828.20	5181960.28	3475828.20	5181960.28
137457	1	3474948.60	5182011.68	3474948.60	5182011.68
137459	1	3474891.40	5181530.98	3474891.40	5181530.98
137462	1	3477684.20	5183288.65	3477684.20	5183288.65
137463	1	3477622.90	5183314.50	3477622.90	5183314.50
137464	1	3477676.60	5183199.98	3477676.60	5183199.98
137465	1	3477714.30	5183151.03	3477714.30	5183151.03
137466	1	3477746.60	5183153.10	3477746.60	5183153.10
137513	2	3476923.00	5183918.87	3476923.00	5183918.87
137515	2	3477021.50	5183888.39	3477021.50	5183888.39
137524	1	3476560.80	5179831.96	3476560.80	5179831.96
137538	1	3476370.70	5183358.02	3476370.70	5183358.02
137539	1	3476393.40	5183254.23	3476393.40	5183254.23
137567	1	3476810.20	5180120.06	3476810.20	5180120.06
137573	1	3478109.60	5182962.10	3478109.60	5182962.10
137574	1	3478145.40	5182943.44	3478145.40	5182943.44
137575	1	3478195.20	5182922.73	3478195.20	5182922.73
137578	1	3476362.90	5183392.28	3476362.90	5183392.28
137585	1	3476752.10	5180122.54	3476752.10	5180122.54
137587	1	3476790.10	5180087.28	3476790.10	5180087.28
137610	1	3477045.00	5180922.38	3477045.00	5180922.38
137611	1	3476982.20	5180910.78	3476982.20	5180910.78
137612	1	3476945.30	5180890.62	3476945.30	5180890.62
137664	3	3476873.80	5180559.42	3476873.80	5180559.42
137665	1	3478303.10	5182875.74	3478303.10	5182875.74
137715	1	3475888.00	5182998.65	3475888.00	5182998.65
137716	1	3475820.00	5182978.95	3475820.00	5182978.95
137717	1	3475867.60	5182885.46	3475867.60	5182885.46
137718	1	3475917.10	5182860.33	3475917.10	5182860.33
137726	1	3474819.60	5182182.76	3474819.60	5182182.76
137729	2	3477375.20	5184512.64	3477375.20	5184512.64
137731	1	3477472.80	5184491.36	3477472.80	5184491.36
137732	1	3477503.50	5184543.62	3477503.50	5184543.62
137733	1	3477460.70	5184436.08	3477460.70	5184436.08
137734	1	3477429.50	5184388.71	3477429.50	5184388.71
137744	2	3476427.80	5181564.42	3476427.80	5181564.42
137745	2	3476423.40	5181499.46	3476423.40	5181499.46
137746	2	3476426.00	5181453.13	3476426.00	5181453.13
137761	1	3477107.40	5183651.47	3477107.40	5183651.47
137770	1	3476323.40	5183570.14	3476323.40	5183570.14
137771	1	3476333.10	5183529.26	3476333.10	5183529.26
137772	1	3476340.40	5183493.73	3476340.40	5183493.73
137773	1	3476347.60	5183458.01	3476347.60	5183458.01
137782	3	3476901.30	5180487.85	3476901.30	5180487.85
137798	1	3477413.90	5184358.55	3477413.90	5184358.55
137799	1	3477384.60	5184302.81	3477384.60	5184302.81
137802	2	3476987.80	5182025.21	3476987.80	5182025.21
137803	2	3476918.00	5182014.14	3476918.00	5182014.14
137804	2	3476882.50	5182008.39	3476882.50	5182008.39
137805	2	3476733.00	5182018.49	3476733.00	5182018.49
137806	2	3476764.10	5182026.59	3476764.10	5182026.59
138121	1	3477484.70	5182786.93	3477484.70	5182786.93
138147	1	3474511.20	5182504.64	3474511.20	5182504.64
138148	2	3475684.00	5182732.19	3475684.00	5182732.19
138152	1	3474692.60	5182222.13	3474692.60	5182222.13
138191	1	3475813.70	5181892.20	3475813.70	5181892.20
138192	1	3475854.80	5181891.48	3475854.80	5181891.48
138193	1	3475887.60	5181906.48	3475887.60	5181906.48
138194	1	3475226.50	5182431.83	3475226.50	5182431.83
138195	1	3475267.60	5182447.12	3475267.60	5182447.12
138276	1	3477782.10	5183154.00	3477782.10	5183154.00
138284	1	3474903.10	5181483.19	3474903.10	5181483.19
138290	1	3476379.60	5183319.21	3476379.60	5183319.21
138372	1	3475855.20	5182978.81	3475855.20	5182978.81
138373	2	3477360.40	5183731.12	3477360.40	5183731.12
139454	1	3474915.20	5182190.47	3474915.20	5182190.47
139476	1	3474094.40	5182099.75	3474094.40	5182099.75
139477	1	3474128.90	5182111.83	3474128.90	5182111.83
139478	1	3474137.60	5182059.79	3474137.60	5182059.79
139523	1	3474042.90	5181797.18	3474042.90	5181797.18
139545	1	3474088.50	5181892.02	3474088.50	5181892.02
4464274	1	3476086.60	5182538.91	3476086.60	5182538.91
4464276	1	3476196.60	5183039.36	3476196.60	5183039.36
4464277	1	3474712.80	5181737.29	3474712.80	5181737.29
4469213	1	3475809.40	5189497.97	3475809.40	5189497.97
4473055	2	3476291.30	5181172.15	3476291.30	5181172.15
4476795	2	3476469.40	5181619.09	3476469.40	5181619.09
4477436	2	3475689.90	5181651.99	3475689.90	5181651.99
4478174	2	3476634.50	5181561.98	3476634.50	5181561.98
4483774	1	3473973.80	5182166.97	3473973.80	5182166.97
4501891	2	3475169.10	5181536.09	3475169.10	5181536.09
4505481	2	3477317.00	5182264.95	3477317.00	5182264.95
4505483	2	3477363.60	5182262.91	3477363.60	5182262.91
4506588	2	3479150.70	5182837.87	3479150.70	5182837.87
4507902	1	3475266.40	5181347.00	3475266.40	5181347.00
4516362	1	3476729.60	5180775.89	3476729.60	5180775.89
4516382	1	3476692.90	5180759.26	3476692.90	5180759.26
4516402	1	3476647.10	5180733.21	3476647.10	5180733.21
4516404	1	3476600.00	5180768.01	3476600.00	5180768.01
4516442	1	3476578.20	5180809.83	3476578.20	5180809.83
4527538	1	3475954.40	5183074.01	3475954.40	5183074.01
4527540	1	3475976.40	5183100.88	3475976.40	5183100.88
4528602	2	3476466.00	5181670.02	3476466.00	5181670.02
4528610	2	3476824.00	5180620.08	3476824.00	5180620.08
4528612	3	3476824.30	5180620.34	3476824.30	5180620.34
4528614	2	3476054.40	5180356.42	3476054.40	5180356.42
4531210	2	3477471.40	5181685.71	3477471.40	5181685.71
4531222	2	3477355.10	5182020.06	3477355.10	5182020.06
4531224	2	3477454.40	5181755.16	3477454.40	5181755.16
4531226	2	3477423.40	5181852.62	3477423.40	5181852.62
4534946	1	3476045.40	5182612.02	3476045.40	5182612.02
4535518	1	3476570.60	5179652.12	3476570.60	5179652.12
4535520	1	3476610.10	5179604.96	3476610.10	5179604.96
4535523	1	3476588.90	5179578.81	3476588.90	5179578.81
4535525	1	3476559.10	5179543.84	3476559.10	5179543.84
4535527	1	3476524.20	5179499.28	3476524.20	5179499.28
4544884	1	3475598.30	5182379.15	3475598.30	5182379.15
4561183	1	3474993.20	5181237.59	3474993.20	5181237.59
4561592	1	3475068.00	5181266.59	3475068.00	5181266.59
4565351	2	3477331.60	5182092.93	3477331.60	5182092.93
4567615	1	3474627.00	5182544.30	3474627.00	5182544.30
4567617	1	3474656.00	5182545.78	3474656.00	5182545.78
4572727	1	3476915.40	5183603.88	3476915.40	5183603.88
4573001	2	3477583.60	5184718.49	3477583.60	5184718.49
4573003	2	3477596.30	5184754.76	3477596.30	5184754.76
4573005	2	3477613.50	5184807.47	3477613.50	5184807.47
4573007	2	3477627.80	5184847.93	3477627.80	5184847.93
4573009	2	3477653.10	5184895.28	3477653.10	5184895.28
4573015	2	3477776.90	5184956.81	3477776.90	5184956.81
4573017	2	3477820.80	5184949.12	3477820.80	5184949.12
4575106	2	3479383.70	5182715.26	3479383.70	5182715.26
4575652	1	3477410.80	5181898.55	3477410.80	5181898.55
4575740	1	3477420.90	5181906.42	3477420.90	5181906.42
END					
HAT_ID	X1	Y1	X2	Y2	
112465	3476887.00	5182877.38	3476889.60	5182877.50	
113033	3474405.90	5181382.36	3474410.90	5181379.96	
114421	3474639.00	5181993.85	3474643.50	5181994.37	
114707	3476727.90	5182751.14	3476730.70	5182751.57	
114992	3477869.70	5183161.29	3477873.00	5183161.59	
116613	3475815.90	5181889.71	3475820.70	5181888.95	
117630	3475362.80	5181514.97	3475402.40	5181553.48	
118294	3473628.10	5182029.29	3473584.60	5182037.47	
118295	3473584.60	5182037.47	3473550.40	5182047.25	
118296	3476437.80	5181593.46	3476427.80	5181564.42	
118297	3473550.40	5182047.25	3473521.80	5182060.05	
118298	3473521.80	5182060.05	3473477.50	5182068.63	
118481	3473667.00	5182021.98	3473628.10	5182029.29	
118953	3485529.80	5184452.35	3485545.30	5184550.71	
119062	3477176.30	5183809.10	3477155.70	5183824.21	
119080	3474108.50	5182247.80	3474099.00	5182287.20	
119099	3476255.50	5183267.99	3476280.60	5183217.74	
119144	3478243.40	5182863.01	3478236.00	5182905.39	
119151	3477721.60	5183286.31	3477684.20	5183288.65	
119154	3474348.90	5182405.06	3474378.80	5182452.10	
119158	3475630.50	5182648.51	3475645.80	5182669.25	
119161	3477367.60	5183753.30	3477379.40	5183789.63	
119167	3474874.10	5181511.98	3474903.10	5181483.19	
119239	3476169.20	5183579.09	3476151.70	5183623.34	
119312	3476215.60	5183442.54	3476226.00	5183404.89	
119315	3476186.90	5183539.10	3476219.60	5183514.27	
119352	3478217.70	5182685.58	3478248.20	5182697.84	
119356	3479223.20	5182118.70	3479235.50	5182122.03	
119357	3479222.10	5182117.98	3479246.20	5182130.08	
119395	3474434.70	5181771.81	3474505.80	5181746.04	
119639	3474223.90	5181976.01	3474280.20	5181963.41	
119669	3476051.00	5183737.13	3476022.00	5183731.52	
119734	3476417.10	5183131.92	3476411.90	5183156.90	
119743	3475089.60	5182201.98	3475041.70	5182201.07	
119747	3477800.60	5183091.68	3477793.90	5183114.60	
119808	3477474.00	5182735.90	3477486.60	5182680.89	
119828	3474385.00	5181863.60	3474388.30	5181796.72	
119899	3476729.60	5180775.89	3476765.30	5180812.94	
119904	3473580.30	5182250.77	3473535.90	5182256.26	
119905	3475265.20	5181320.29	3475295.80	5181275.02	
119967	3474340.10	5182300.80	3474311.80	5182269.92	
120030	3477493.90	5183896.27	3477512.00	5183935.70	
120128	3474060.70	5182224.56	3474108.50	5182247.80	
120149	3474203.80	5181979.26	3474223.90	5181976.01	
120240	3478218.80	5182685.78	3478248.20	5182698.51	
120242	3479423.30	5182731.13	3479482.60	5182745.01	
120244	3479281.80	5182827.33	3479460.20	5182868.80	
120268	3476059.20	5180339.29	3476054.40	5180356.42	
120302	3476922.80	5179947.16	3476923.30	5179942.61	
120304	3477733.10	5181268.95	3477700.80	5181337.26	
120305	3477422.10	5181132.49	3477431.60	5181128.47	
120333	3476442.20	5179870.71	3476420.40	5179883.40	
120338	3476270.90	5180274.77	3476286.40	5180275.39	
120339	3476138.00	5181727.13	3476113.60	5181731.94	
120402	3477158.90	5183450.23	3477176.20	5183466.84	
120404	3475300.50	5182450.24	3475309.90	5182468.46	
120405	3474709.60	5181737.17	3474701.40	5181731.96	
120411	3474906.50	5181546.27	3474891.40	5181530.98	
120413	3477314.20	5182552.85	3477357.80	5182645.15	
120428	3473880.50	5182223.82	3473850.70	5182214.28	
120432	3475114.50	5181469.81	3474903.90	5181546.15	
120433	3474404.90	5181382.32	3474711.80	5181737.25	
120434	3474710.80	5181737.21	3474637.70	5181993.85	
120443	3475686.00	5181660.74	3475113.40	5181469.77	
120477	3476808.40	5180643.86	3476813.60	5180648.93	
120478	3477862.20	5183156.08	3477866.80	5183161.21	
120480	3476417.10	5183131.92	3476494.80	5183292.66	
120481	3476376.00	5182251.03	3476296.90	5182377.36	
120483	3476735.10	5182857.96	3476567.50	5182933.93	
120502	3475813.90	5181889.69	3475813.70	5181892.20	
120503	3475932.70	5181934.72	3475944.80	5181970.02	
120505	3478978.10	5182150.88	3478966.40	5182142.34	
120506	3478980.90	5182151.00	3478997.60	5182285.27	
120548	3476883.90	5182877.24	3476735.10	5182857.96	
120549	3477311.00	5182557.46	3477063.80	5182582.13	
120550	3473137.90	5182333.00	3473153.50	5182369.57	
120552	3475533.40	5180263.93	3475536.40	5180308.73	
120554	3475114.50	5181469.81	3475272.60	5181471.47	
120576	3478979.60	5182150.94	3478880.40	5182053.10	
120587	3476117.50	5182693.60	3476109.00	5182682.48	
120609	3477082.20	5182328.97	3477273.00	5182406.22	
120613	3478089.20	5183004.48	3478091.40	5183013.78	
120614	3478083.40	5183010.73	3478059.70	5183019.07	
120651	3476768.30	5183153.72	3476423.60	5183053.55	
120652	3477140.80	5182873.59	3477138.40	5182876.50	
120654	3476054.70	5181936.46	3475686.60	5181659.48	
120655	3477171.80	5183454.30	3477202.30	5183442.56	
120657	3476376.00	5182251.03	3476678.40	5182317.21	
120659	3475690.00	5181662.07	3475085.40	5181884.84	
120687	3473766.70	5182001.26	3473849.10	5181822.17	
120706	3476334.00	5182553.47	3476083.70	5182538.83	
120711	3477485.10	5181242.28	3477464.10	5181241.44	
120726	3484180.70	5183849.42	3484599.20	5184033.16	
120727	3483083.10	5183665.86	3483378.60	5183719.52	
120728	3485130.30	5184372.50	3485389.40	5184437.54	
120753	3476311.40	5183614.14	3476292.70	5183611.90	
120755	3477644.00	5183247.45	3477635.10	5183252.74	
120759	3476903.40	5179953.23	3476922.40	5179948.10	
120761	3477176.20	5183466.84	3477158.10	5183721.56	
120762	3476716.30	5182010.30	3476733.00	5182018.49	
120819	3475445.20	5181204.59	3475507.80	5181199.42	
120834	3478082.90	5183013.42	3478089.70	5183017.08	
120871	3477283.20	5182282.43	3477286.70	5182228.49	
120897	3477272.10	5182402.03	3477733.00	5182589.08	
120906	3474410.80	5182473.12	3474349.70	5182590.90	
120917	3477176.30	5183809.10	3477229.50	5183899.55	
120941	3477272.10	5182402.03	3477733.00	5182589.74	
120943	3479369.30	5182856.28	3479585.80	5182726.52	
120944	3479582.20	5182726.38	3479587.90	5182709.73	
120946	3475108.90	5182106.30	3475089.60	5182201.98	
120956	3479281.70	5182829.99	3479369.30	5182856.28	
120974	3476717.20	5182010.68	3476926.90	5182260.41	
120990	3477126.00	5182155.21	3477143.40	5182155.97	
121016	3475115.60	5181469.85	3475165.60	5181535.95	
121058	3475630.50	5182648.51	3475617.70	5182659.53	
121062	3476066.90	5180343.54	3476057.80	5180328.49	
121070	3476670.50	5182294.09	3476495.20	5182138.46	
121071	3477274.90	5182402.15	3477283.20	5182282.43	
121138	3478216.70	5182685.34	3478217.30	5182658.35	
121139	3478217.40	5182692.29	3478220.00	5182686.02	
121142	3476804.30	5180636.19	3476824.30	5180620.34	
121160	3476683.60	5184236.40	3476642.30	5184232.34	
121226	3473879.50	5182224.04	3473947.80	5182196.45	
121252	3485545.30	5184550.71	3486819.10	5181470.43	
121264	3476714.40	5182009.58	3476710.70	5182009.94	
121281	3479264.00	5182844.66	3479281.60	5182831.07	
121282	3473882.60	5182223.34	3473847.40	5182195.80	
121285	3476470.80	5181614.46	3476437.80	5181593.46	
121286	3476807.60	5180631.76	3476824.00	5180620.08	
121292	3477228.20	5183899.53	3477233.50	5184191.58	
121514	3477316.30	5182552.95	3477387.60	5182921.00	
121558	3481716.00	5183382.15	3481818.40	5183407.93	
121559	3481818.40	5183407.93	3482062.80	5183481.69	
121604	3475687.10	5181658.26	3477313.20	5182552.77	
121655	3482388.20	5183538.42	3482495.50	5183559.70	
121656	3482495.50	5183559.70	3482600.70	5183577.03	
121657	3482600.70	5183577.03	3482704.90	5183595.77	
121658	3482704.90	5183595.77	3482807.10	5183614.32	
121680	3475855.20	5182181.32	3475398.50	5182164.81	
121752	3476004.70	5183134.86	3475915.30	5183351.05	
121758	3479212.60	5182112.33	3478974.60	5182150.74	
121765	3476116.90	5182694.60	3476194.60	5183039.32	
121806	3482062.80	5183481.69	3482167.50	5183495.74	
121807	3482167.50	5183495.74	3482282.30	5183518.74	
121808	3474905.00	5181546.21	3474403.90	5181382.28	
121813	3475089.40	5181883.92	3475598.30	5182379.15	
121821	3477169.00	5183453.40	3476724.80	5182751.06	
121827	3478976.80	5182150.82	3479078.80	5182068.01	
121830	3476044.60	5182612.83	3476118.10	5182692.55	
121878	3477315.30	5182552.89	3476873.50	5182453.01	
121879	3476872.50	5182452.97	3476629.90	5182495.43	
121956	3476114.30	5181732.76	3475778.20	5181075.11	
122018	3476377.40	5182251.09	3476027.70	5182192.54	
122019	3476035.90	5182195.52	3475814.80	5181889.73	
122020	3475812.90	5181889.65	3476055.40	5181935.86	
122021	3474635.20	5181993.75	3474829.10	5181991.64	
122022	3474829.10	5181991.64	3475086.70	5181884.52	
122026	3477137.50	5182876.50	3476884.90	5182877.34	
122027	3476886.00	5182877.38	3476900.30	5182959.90	
122028	3476899.30	5182959.82	3477102.70	5183168.71	
122095	3473155.40	5182369.67	3473124.10	5182363.00	
122099	3477298.90	5183264.41	3477164.60	5183452.06	
122102	3476195.70	5183039.34	3476321.00	5183068.10	
122103	3476726.90	5182751.12	3476819.40	5182637.07	
122161	3476725.90	5182751.08	3476626.60	5182695.78	
122162	3476626.90	5182695.18	3476438.60	5182751.87	
122163	3476439.50	5182751.91	3476335.00	5182553.51	
122164	3476339.10	5182553.69	3476397.50	5182540.51	
122165	3476340.60	5182553.75	3476304.80	5182501.32	
122166	3476085.60	5182538.91	3475856.50	5182181.32	
122169	3476629.30	5182495.39	3476374.90	5182250.99	
122171	3475397.70	5182165.83	3475090.80	5181883.74	
122173	3476472.00	5181614.10	3476466.00	5181670.02	
122180	3477270.70	5182401.97	3477313.00	5182262.97	
122230	3476471.80	5181618.30	3476852.70	5181584.46	
122232	3477101.50	5183168.65	3477163.20	5183451.62	
122233	3477104.10	5183168.77	3477272.50	5183175.14	
122234	3477104.10	5183168.77	3477223.20	5183121.76	
122235	3476770.80	5183153.82	3477166.00	5183452.50	
122245	3478299.00	5182479.36	3478331.90	5182467.03	
122313	3478425.40	5182560.55	3478496.40	5182578.24	
122314	3475088.10	5181884.24	3475299.60	5182450.18	
122315	3476193.40	5183039.26	3476769.40	5183153.76	
122316	3477161.70	5183451.15	3477312.20	5182552.77	
122322	3478969.90	5182142.49	3478968.00	5182134.13	
122381	3478884.00	5182053.24	3478850.00	5182106.00	
122413	3477144.50	5182859.57	3477139.90	5182860.59	
122414	3477139.90	5182860.59	3477140.80	5182873.59	
122465	3477160.30	5183450.71	3475084.10	5181885.20	
122478	3477170.40	5183453.84	3477176.30	5183530.02	
122481	3476473.10	5181617.90	3476715.40	5182009.94	
122482	3479213.70	5182113.05	3479218.80	5182115.86	
122484	3479281.90	5182824.68	3479211.40	5182111.59	
122576	3478248.20	5182697.84	3478306.20	5182705.76	
122590	3477995.50	5182645.83	3478060.00	5182657.99	
122653	3477807.20	5182607.80	3477875.60	5182624.29	
122654	3477771.00	5182599.14	3477807.20	5182607.80	
122657	3478168.60	5182682.00	3478217.40	5182691.63	
122659	3478774.20	5182782.96	3478827.90	5182790.92	
122660	3478774.20	5182782.96	3478757.30	5182751.18	
122661	3478719.70	5182774.23	3478774.20	5182782.96	
122750	3478659.70	5182763.63	3478719.70	5182774.23	
122751	3478600.70	5182753.85	3478659.70	5182763.63	
122785	3479383.70	5182715.26	3479423.30	5182731.13	
122786	3479376.00	5182780.52	3479383.70	5182715.26	
122787	3479376.00	5182780.52	3479406.80	5182782.86	
122788	3479369.30	5182856.28	3479376.00	5182780.52	
122790	3479383.70	5182715.26	3479398.60	5182666.73	
122822	3477696.70	5181243.72	3477733.10	5181268.95	
122823	3477696.70	5181243.72	3477678.70	5181306.28	
122824	3477623.20	5181201.32	3477696.70	5181243.72	
122825	3477567.50	5181173.91	3477623.20	5181201.32	
122826	3477567.50	5181173.91	3477519.00	5181195.59	
122827	3477519.00	5181195.59	3477485.10	5181242.28	
122828	3477479.20	5181138.13	3477567.50	5181173.91	
122829	3477431.60	5181128.47	3477479.20	5181138.13	
122869	3479383.70	5182715.26	3479379.80	5182672.48	
123088	3482807.10	5183614.32	3482911.70	5183629.47	
123089	3482911.70	5183629.47	3483015.50	5183649.37	
123090	3483015.50	5183649.37	3483083.10	5183665.86	
123131	3476838.70	5180603.95	3476873.80	5180559.42	
123214	3477198.30	5182278.72	3477104.20	5182259.56	
123215	3477104.20	5182259.56	3477150.60	5182246.62	
123216	3477104.20	5182259.56	3477126.00	5182155.21	
123219	3479204.60	5182843.28	3479171.20	5182821.10	
123220	3479150.70	5182837.87	3479204.60	5182843.28	
123221	3479090.40	5182827.23	3479085.20	5182812.92	
123298	3477733.00	5182589.74	3477771.00	5182599.14	
123398	3479090.40	5182827.23	3479150.70	5182837.87	
123399	3479013.30	5182814.90	3479090.40	5182827.23	
123400	3478950.20	5182808.43	3479013.30	5182814.90	
123401	3478887.10	5182800.64	3478950.20	5182808.43	
123402	3478887.10	5182800.64	3478884.70	5182771.84	
123670	3478827.90	5182790.92	3478887.10	5182800.64	
123803	3478541.80	5182743.53	3478600.70	5182753.85	
123804	3478482.00	5182733.39	3478541.80	5182743.53	
123805	3478423.10	5182723.73	3478482.00	5182733.39	
123806	3478365.90	5182715.52	3478423.10	5182723.73	
123807	3478306.20	5182705.76	3478365.90	5182715.52	
124165	3479587.90	5182709.73	3479593.70	5182707.38	
124487	3477283.20	5182282.43	3477244.50	5182284.75	
124536	3477244.50	5182284.75	3477198.30	5182278.72	
124552	3482282.30	5183518.74	3482388.20	5183538.42	
124620	3478217.30	5182658.35	3478263.80	5182606.79	
124621	3478116.80	5182670.05	3478168.60	5182682.66	
124707	3478292.20	5182479.50	3478298.70	5182453.05	
124708	3478292.20	5182479.50	3478299.00	5182479.36	
124709	3478278.70	5182546.68	3478292.20	5182479.50	
124710	3478263.80	5182606.79	3478278.70	5182546.68	
124711	3478263.80	5182606.79	3478292.30	5182595.77	
124712	3478292.30	5182595.77	3478425.40	5182560.55	
124737	3484755.60	5184120.35	3484848.80	5184179.56	
124791	3479815.70	5182928.16	3479920.10	5182956.99	
124792	3479778.00	5182843.32	3479815.70	5182928.16	
124793	3479730.80	5182758.42	3479778.00	5182843.32	
124794	3479687.70	5182657.57	3479730.80	5182758.42	
124827	3484599.20	5184033.16	3484755.60	5184120.35	
124828	3483378.60	5183719.52	3483499.40	5183741.86	
124892	3483499.40	5183741.86	3483621.50	5183764.06	
124893	3483621.50	5183764.06	3483758.20	5183785.08	
124894	3483758.20	5183785.08	3483862.30	5183792.15	
124895	3483862.30	5183792.15	3483996.90	5183791.63	
124896	3483996.90	5183791.63	3484084.30	5183824.15	
124897	3484084.30	5183824.15	3484180.70	5183849.42	
124905	3485011.50	5184290.47	3485130.30	5184372.50	
124906	3484933.40	5184234.50	3485011.50	5184290.47	
124907	3484848.80	5184179.56	3484933.40	5184234.50	
125246	3481031.60	5183169.71	3481071.30	5183199.94	
125247	3478541.80	5182744.19	3478600.60	5182754.55	
125263	3480181.90	5182999.81	3480287.40	5183011.09	
125264	3480085.30	5182983.86	3480181.90	5182999.81	
125265	3480002.60	5182969.83	3480085.30	5182983.86	
125266	3479920.10	5182956.99	3480002.60	5182969.83	
125314	3478481.90	5182734.05	3478541.80	5182744.19	
125315	3478423.10	5182724.39	3478481.90	5182734.05	
125316	3478365.90	5182716.18	3478423.10	5182724.39	
125317	3478306.20	5182706.42	3478365.90	5182716.18	
125318	3478248.20	5182698.51	3478306.20	5182706.42	
125403	3481071.30	5183199.94	3481127.30	5183217.46	
125583	3479638.90	5182655.61	3479687.70	5182657.57	
125584	3479609.60	5182712.39	3479638.90	5182655.61	
125585	3479526.80	5182829.55	3479609.60	5182712.39	
125586	3479460.20	5182868.80	3479526.80	5182829.55	
125587	3481443.70	5183306.48	3481525.80	5183319.81	
125588	3481337.50	5183276.79	3481443.70	5183306.48	
125589	3481232.60	5183246.57	3481337.50	5183276.79	
125675	3480612.80	5183018.42	3480715.50	5182989.51	
125676	3480715.50	5182989.51	3480822.40	5182956.13	
125758	3481127.30	5183217.46	3481232.60	5183246.57	
125759	3481525.80	5183319.81	3481611.10	5183337.74	
125765	3477936.20	5182637.61	3477995.50	5182645.17	
125830	3478887.10	5182801.30	3478950.20	5182809.09	
125831	3478827.90	5182791.58	3478887.10	5182801.30	
125832	3478774.20	5182783.63	3478827.90	5182791.58	
125855	3481611.10	5183337.74	3481716.00	5183382.15	
125951	3480822.40	5182956.13	3480921.60	5182987.69	
126202	3480921.60	5182987.69	3480974.20	5183083.43	
126203	3480287.40	5183011.09	3480399.10	5183018.32	
126354	3485389.40	5184437.54	3485529.80	5184452.35	
126365	3479204.60	5182843.94	3479264.00	5182844.66	
126366	3479150.70	5182838.53	3479204.60	5182843.94	
126367	3479090.30	5182827.89	3479150.70	5182838.53	
126368	3479013.30	5182815.57	3479090.30	5182827.89	
126433	3478950.20	5182809.09	3479013.30	5182815.57	
126475	3480974.20	5183083.43	3481031.60	5183169.71	
126519	3478719.70	5182774.89	3478774.20	5182783.63	
126520	3478659.70	5182764.29	3478719.70	5182774.89	
126521	3478600.60	5182754.55	3478659.70	5182764.29	
126544	3480499.30	5183024.92	3480612.80	5183018.42	
126545	3480399.10	5183018.32	3480499.30	5183024.92	
126775	3477875.70	5182623.63	3477936.20	5182637.61	
126776	3478060.10	5182657.33	3478116.80	5182669.39	
127631	3477875.60	5182624.29	3477936.20	5182638.27	
127632	3477936.20	5182638.27	3477995.50	5182645.83	
127633	3478060.00	5182657.99	3478116.80	5182670.05	
127714	3477733.00	5182589.08	3477771.00	5182598.48	
127715	3477995.50	5182645.17	3478060.10	5182657.33	
127716	3477807.30	5182607.13	3477875.70	5182623.63	
127717	3477771.00	5182598.48	3477807.30	5182607.13	
127718	3478116.80	5182669.39	3478168.60	5182682.00	
127784	3478168.60	5182682.66	3478217.40	5182692.29	
128488	3477636.60	5184229.23	3477661.10	5184225.42	
128565	3475272.60	5181471.47	3475068.80	5181265.86	
129148	3473766.70	5182001.26	3473783.90	5181994.93	
129382	3475687.70	5181657.00	3475842.80	5181639.08	
129702	3475116.60	5181469.89	3475120.30	5181469.02	
134289	3474924.30	5181442.47	3474950.80	5181394.57	
134296	3474362.70	5181913.02	3474385.00	5181863.60	
134346	3474233.60	5182280.32	3474297.10	5182293.03	
134432	3477295.30	5183513.17	3477308.10	5183554.37	
134492	3474355.60	5182379.33	3474348.90	5182405.06	
134493	3474348.90	5182405.06	3474399.40	5182419.34	
134495	3473689.60	5182247.98	3473622.10	5182262.05	
134496	3473633.00	5182241.57	3473580.30	5182250.77	
134497	3473684.90	5182228.59	3473633.00	5182241.57	
134498	3473733.00	5182219.57	3473684.90	5182228.59	
134499	3473765.20	5182211.81	3473733.00	5182219.57	
134526	3476701.90	5184208.01	3476683.60	5184236.40	
134527	3476731.00	5184165.69	3476701.90	5184208.01	
134528	3476759.30	5184123.05	3476731.00	5184165.69	
134529	3476779.70	5184067.77	3476759.30	5184123.05	
134530	3476811.00	5184043.96	3476779.70	5184067.77	
134552	3477386.70	5182920.96	3477144.50	5182859.57	
134602	3474643.40	5182235.36	3474582.10	5182249.87	
134603	3474582.10	5182249.87	3474531.90	5182261.77	
134604	3474531.90	5182261.77	3474493.40	5182271.61	
134605	3474493.40	5182271.61	3474439.80	5182283.63	
134606	3474439.80	5182283.63	3474389.90	5182294.51	
134613	3474306.80	5182299.20	3474339.90	5182351.38	
134614	3474339.90	5182351.38	3474355.60	5182379.33	
134661	3475281.60	5182766.29	3475312.80	5182786.01	
134662	3475312.80	5182786.01	3475342.30	5182807.79	
134663	3475342.30	5182807.79	3475391.10	5182842.09	
134664	3475391.10	5182842.09	3475410.90	5182840.19	
134697	3474389.90	5182294.51	3474340.10	5182300.80	
134698	3474297.10	5182293.03	3474306.80	5182299.20	
134703	3473766.70	5182001.26	3473721.30	5182010.76	
134796	3473721.30	5182010.76	3473667.00	5182021.98	
134849	3477117.50	5183719.06	3477139.20	5183708.98	
134851	3476678.40	5182317.21	3476670.50	5182294.09	
134866	3475790.50	5182921.74	3475802.60	5182918.38	
134867	3475802.60	5182918.38	3475833.50	5182902.05	
134925	3477251.80	5183372.75	3477268.10	5183426.43	
134926	3477268.10	5183426.43	3477281.00	5183465.24	
134927	3477281.00	5183465.24	3477295.30	5183513.17	
134936	3475875.30	5180349.11	3475819.00	5180337.85	
135011	3474863.70	5182567.98	3474906.30	5182570.35	
135012	3474311.80	5182269.92	3474259.20	5182258.72	
135014	3475819.00	5180337.85	3475778.70	5180308.67	
135073	3474827.90	5182553.41	3474863.70	5182567.98	
135074	3474788.10	5182551.65	3474827.90	5182553.41	
135075	3475026.30	5182613.61	3475002.50	5182647.27	
135076	3475002.50	5182647.27	3474992.70	5182674.48	
135077	3474992.70	5182674.48	3474969.40	5182711.65	
135078	3474969.40	5182711.65	3474919.80	5182704.44	
135089	3476858.90	5183969.87	3476832.00	5183994.27	
135090	3476882.80	5183931.07	3476858.90	5183969.87	
135101	3476097.90	5183711.10	3476051.00	5183737.13	
135257	3474862.80	5182698.39	3474820.70	5182696.44	
135271	3477793.90	5183114.60	3477782.10	5183154.00	
135348	3475412.10	5181221.04	3475445.20	5181204.59	
135515	3476813.60	5180648.93	3476799.30	5180680.51	
135516	3476799.30	5180680.51	3476770.40	5180711.61	
135517	3476770.40	5180711.61	3476746.10	5180741.76	
135518	3476746.10	5180741.76	3476729.60	5180775.89	
135589	3476105.70	5181007.50	3476060.00	5181000.65	
135590	3476103.90	5181035.69	3476105.70	5181007.50	
135591	3476090.70	5181091.86	3476103.90	5181035.69	
135598	3475589.90	5180270.34	3475533.40	5180263.93	
135599	3475646.70	5180281.24	3475589.90	5180270.34	
135600	3475669.10	5180283.69	3475646.70	5180281.24	
135615	3475665.50	5182700.41	3475684.00	5182732.19	
135624	3476107.50	5183308.99	3476106.10	5183364.25	
135625	3476094.80	5183260.30	3476107.50	5183308.99	
135626	3476077.70	5183226.77	3476094.80	5183260.30	
135627	3476041.80	5183181.77	3476077.70	5183226.77	
135628	3476004.70	5183134.86	3476041.80	5183181.77	
135629	3475929.60	5183042.93	3475954.40	5183074.01	
135641	3475239.70	5182741.87	3475281.60	5182766.29	
135661	3475817.60	5183532.67	3475776.90	5183508.82	
135662	3475834.90	5183555.15	3475817.60	5183532.67	
135663	3475872.20	5183621.63	3475834.90	5183555.15	
135664	3475919.30	5183654.88	3475872.20	5183621.63	
135665	3475958.60	5183686.50	3475919.30	5183654.88	
135666	3475996.80	5183717.69	3475958.60	5183686.50	
135667	3476309.50	5181174.53	3476291.30	5181172.15	
135668	3476271.70	5181181.45	3476224.70	5181208.38	
135669	3476224.70	5181208.38	3476171.50	5181242.54	
135670	3476719.70	5179942.77	3476673.70	5179903.09	
135699	3473293.80	5182234.44	3473248.30	5182232.21	
135712	3476832.00	5183994.27	3476811.00	5184043.96	
135749	3476845.20	5180043.36	3476854.50	5180011.02	
135750	3476811.10	5180066.86	3476845.20	5180043.36	
135751	3476845.20	5180043.36	3476807.30	5180013.54	
135752	3476807.30	5180013.54	3476759.60	5179975.95	
135753	3476759.60	5179975.95	3476719.70	5179942.77	
135754	3476580.50	5179818.51	3476543.60	5179773.19	
135755	3476628.90	5179863.38	3476580.50	5179818.51	
135756	3475370.30	5181241.76	3475412.10	5181221.04	
135760	3477003.00	5182284.99	3477066.40	5182306.83	
135761	3476955.80	5182270.52	3477003.00	5182284.99	
135762	3476926.90	5182260.41	3476955.80	5182270.52	
135776	3477426.20	5182627.07	3477472.60	5182635.49	
135777	3477472.60	5182635.49	3477507.90	5182642.70	
135778	3477507.90	5182642.70	3477551.20	5182662.66	
135779	3477551.20	5182662.66	3477594.40	5182679.35	
135780	3477594.40	5182679.35	3477662.70	5182706.86	
135786	3476113.10	5181140.37	3476090.70	5181091.86	
135787	3476114.60	5181203.87	3476113.10	5181140.37	
135792	3476247.30	5180302.40	3476270.90	5180274.77	
135793	3476193.40	5180340.11	3476226.30	5180327.79	
135840	3476022.00	5183731.52	3475996.80	5183717.69	
135851	3477332.10	5183274.56	3477298.90	5183264.41	
135852	3477395.20	5183294.72	3477332.10	5183274.56	
135853	3476119.20	5181250.30	3476108.80	5181290.31	
135854	3476108.80	5181290.31	3476117.60	5181325.30	
135855	3476171.50	5181242.54	3476119.20	5181250.30	
135857	3478059.70	5183019.07	3478020.50	5183054.39	
135858	3478020.50	5183054.39	3477974.00	5183099.66	
135870	3477796.60	5183240.74	3477769.80	5183257.51	
135872	3477601.60	5184703.14	3477640.00	5184704.48	
135917	3477428.80	5183305.46	3477395.20	5183294.72	
135918	3477472.20	5183319.45	3477428.80	5183305.46	
135919	3477568.00	5183346.96	3477521.10	5183333.57	
135925	3475911.30	5180289.02	3475925.50	5180254.23	
135926	3475925.50	5180254.23	3475941.20	5180215.74	
135932	3478370.50	5182846.62	3478408.60	5182830.31	
135933	3478161.50	5183180.61	3478218.10	5183207.52	
135934	3478113.40	5183156.32	3478161.50	5183180.61	
135935	3478139.60	5183103.84	3478113.40	5183156.32	
135937	3478119.70	5183028.70	3478165.40	5183047.26	
135938	3478165.40	5183047.26	3478139.60	5183103.84	
135949	3476130.00	5181365.59	3476078.60	5181382.02	
136004	3478236.00	5182905.39	3478251.40	5182898.48	
136026	3474777.70	5182186.29	3474734.80	5182191.44	
136027	3474734.80	5182191.44	3474692.60	5182222.13	
136028	3474860.00	5182187.49	3474819.60	5182182.76	
136036	3474460.90	5182494.46	3474511.20	5182504.64	
136050	3474195.10	5182273.39	3474233.60	5182280.32	
136051	3474160.50	5182264.71	3474195.10	5182273.39	
136052	3474108.50	5182247.80	3474160.50	5182264.71	
136053	3474207.30	5182248.80	3474143.80	5182233.76	
136054	3474259.20	5182258.72	3474207.30	5182248.80	
136056	3473850.70	5182214.28	3473800.60	5182224.76	
136057	3473800.60	5182224.76	3473745.70	5182236.22	
136058	3473745.70	5182236.22	3473689.60	5182247.98	
136088	3475941.20	5180215.74	3475951.90	5180145.03	
136089	3475951.90	5180145.03	3475954.40	5180044.52	
136090	3475954.40	5180044.52	3475933.60	5180021.41	
136098	3478251.40	5182898.48	3478303.10	5182875.74	
136101	3478255.10	5182823.56	3478243.40	5182863.01	
136102	3478171.60	5182754.21	3478262.20	5182770.24	
136103	3478262.20	5182770.24	3478255.10	5182823.56	
136114	3474410.80	5182473.12	3474460.90	5182494.46	
136116	3474399.40	5182419.34	3474459.20	5182424.49	
136117	3474459.20	5182424.49	3474493.70	5182427.30	
136118	3474493.70	5182427.30	3474533.10	5182432.75	
136119	3474099.00	5182287.20	3474096.60	5182335.85	
136135	3474919.80	5182704.44	3474862.80	5182698.39	
136138	3477399.40	5183674.49	3477434.30	5183663.93	
136139	3477349.40	5183686.32	3477399.40	5183674.49	
136140	3477338.00	5183653.89	3477349.40	5183686.32	
136141	3477512.00	5183935.70	3477517.10	5183952.59	
136142	3477446.50	5183866.71	3477493.90	5183896.27	
136143	3474820.70	5182696.44	3474793.70	5182722.47	
136144	3474793.70	5182722.47	3474774.70	5182754.23	
136145	3474774.70	5182754.23	3474772.00	5182780.10	
136158	3473805.40	5182203.30	3473765.20	5182211.81	
136159	3473831.60	5182198.45	3473805.40	5182203.30	
136160	3473847.40	5182195.80	3473831.60	5182198.45	
136178	3477066.40	5182306.83	3477082.20	5182328.97	
136185	3475833.50	5182902.05	3475867.60	5182885.46	
136186	3475790.50	5182921.74	3475820.00	5182978.95	
136187	3475762.30	5182875.44	3475790.50	5182921.74	
136188	3475645.80	5182669.25	3475665.50	5182700.41	
136204	3475710.10	5182776.89	3475740.60	5182829.83	
136205	3475740.60	5182829.83	3475762.30	5182875.44	
136206	3475606.70	5182630.58	3475630.50	5182648.51	
136207	3475553.40	5182600.86	3475606.70	5182630.58	
136208	3475512.30	5182578.36	3475553.40	5182600.86	
136209	3475479.30	5182559.67	3475512.30	5182578.36	
136210	3475444.40	5182540.39	3475479.30	5182559.67	
136226	3477556.40	5183627.95	3477595.60	5183616.06	
136294	3476057.80	5180328.49	3476063.20	5180303.78	
136297	3476224.90	5183489.57	3476215.60	5183442.54	
136303	3476219.60	5183514.27	3476224.90	5183489.57	
136347	3477117.50	5183719.06	3477152.00	5183760.57	
136360	3477818.80	5182928.64	3477775.50	5182916.83	
136361	3477847.20	5182938.64	3477818.80	5182928.64	
136362	3477847.20	5182938.64	3477836.40	5182976.13	
136363	3477583.60	5184718.49	3477601.60	5184703.14	
136364	3477558.90	5184691.96	3477583.60	5184718.49	
136365	3477552.20	5184650.02	3477558.90	5184691.96	
136366	3477531.40	5184595.94	3477552.20	5184650.02	
136452	3477162.00	5181034.61	3477200.90	5181068.01	
136453	3477132.40	5181006.42	3477162.00	5181034.61	
136454	3477109.70	5180984.46	3477132.40	5181006.42	
136455	3477081.60	5180957.37	3477109.70	5180984.46	
136457	3475533.40	5180263.93	3475498.80	5180258.40	
136505	3475209.30	5182721.73	3475239.70	5182741.87	
136506	3475178.70	5182704.98	3475209.30	5182721.73	
136507	3475125.20	5182675.82	3475178.70	5182704.98	
136508	3475099.80	5182661.70	3475125.20	5182675.82	
136509	3475066.30	5182639.07	3475099.80	5182661.70	
136510	3475026.30	5182613.61	3475066.30	5182639.07	
136511	3474989.10	5182565.82	3475026.30	5182613.61	
136512	3474939.30	5182558.74	3474989.10	5182565.82	
136513	3477152.00	5183760.57	3477176.30	5183809.10	
136526	3473517.60	5182247.64	3473466.20	5182243.35	
136527	3473466.20	5182243.35	3473391.20	5182242.29	
136528	3473391.20	5182242.29	3473345.70	5182239.37	
136529	3473345.70	5182239.37	3473293.80	5182234.44	
136560	3477061.10	5183873.77	3477021.50	5183888.39	
136574	3477308.10	5183554.37	3477325.80	5183614.50	
136575	3477325.80	5183614.50	3477338.00	5183653.89	
136595	3476242.90	5183326.36	3476255.50	5183267.99	
136605	3477516.60	5184236.83	3477565.90	5184229.13	
136606	3476106.10	5183364.25	3476114.30	5183399.10	
136625	3474701.40	5181731.96	3474703.70	5181776.72	
136626	3477662.70	5182706.86	3477696.90	5182720.69	
136627	3477696.90	5182720.69	3477727.20	5182731.43	
136637	3477408.60	5183830.97	3477446.50	5183866.71	
136638	3477379.40	5183789.63	3477408.60	5183830.97	
136644	3476482.90	5179834.83	3476442.20	5179870.71	
136646	3476530.40	5179859.55	3476482.90	5179834.83	
136661	3477155.70	5183824.21	3477108.80	5183849.24	
136662	3477108.80	5183849.24	3477061.10	5183873.77	
136670	3477463.30	5184243.42	3477516.60	5184236.83	
136672	3477233.50	5184191.58	3477277.10	5184178.08	
136673	3477277.10	5184178.08	3477315.00	5184163.67	
136674	3477337.80	5184208.23	3477358.80	5184250.01	
136675	3477358.80	5184250.01	3477384.60	5184302.81	
136676	3477358.80	5184250.01	3477425.10	5184258.55	
136679	3477042.50	5181947.46	3477044.10	5181926.00	
136680	3477035.60	5181994.95	3477042.50	5181947.46	
136681	3477028.60	5182031.38	3477035.60	5181994.95	
136692	3477727.20	5182731.43	3477788.00	5182755.55	
136693	3477819.10	5182767.19	3477872.40	5182788.09	
136694	3477872.40	5182788.09	3477906.80	5182789.12	
136695	3477680.00	5182878.74	3477643.90	5182842.56	
136696	3473248.30	5182232.21	3473192.70	5182229.13	
136697	3473192.70	5182229.13	3473143.90	5182255.02	
136698	3473143.90	5182255.02	3473141.10	5182292.89	
136699	3473141.10	5182292.89	3473137.90	5182333.00	
136707	3477974.00	5183099.66	3477938.40	5183130.84	
136708	3477938.40	5183130.84	3477902.60	5183161.53	
136709	3477902.60	5183161.53	3477868.80	5183191.83	
136710	3477868.80	5183191.83	3477836.30	5183216.36	
136711	3477836.30	5183216.36	3477796.60	5183240.74	
136746	3473947.80	5182196.45	3474011.80	5182208.95	
136747	3474011.80	5182208.95	3474060.70	5182224.56	
136758	3476063.20	5180303.78	3476114.50	5180317.85	
136759	3476114.50	5180317.85	3476158.90	5180329.77	
136760	3476158.90	5180329.77	3476193.40	5180340.11	
136766	3477315.00	5184163.67	3477337.80	5184208.23	
136838	3477521.70	5183637.94	3477556.40	5183627.95	
136839	3477470.40	5183652.77	3477521.70	5183637.94	
136840	3477434.30	5183663.93	3477470.40	5183652.77	
136850	3476570.60	5179652.12	3476616.30	5179620.54	
136851	3476530.50	5179690.60	3476570.60	5179652.12	
136852	3476485.20	5179715.80	3476530.50	5179690.60	
136853	3476543.60	5179773.19	3476485.20	5179715.80	
136887	3477731.40	5182902.13	3477680.00	5182878.74	
136925	3476118.90	5183676.86	3476101.30	5183707.13	
136926	3476101.30	5183707.13	3476097.90	5183711.10	
136943	3474017.10	5182181.08	3473973.80	5182166.97	
136944	3474084.50	5182203.10	3474017.10	5182181.08	
136945	3474108.80	5182219.07	3474084.50	5182203.10	
136946	3474143.80	5182233.76	3474108.80	5182219.07	
136962	3476854.50	5180011.02	3476880.90	5179976.79	
136973	3476673.70	5179903.09	3476628.90	5179863.38	
136982	3476893.20	5180863.87	3476945.30	5180890.62	
136985	3473541.50	5182286.61	3473502.60	5182303.99	
136986	3473581.40	5182270.12	3473541.50	5182286.61	
136987	3473535.90	5182256.26	3473517.60	5182247.64	
136996	3475312.60	5181443.80	3475333.70	5181474.21	
136997	3475272.60	5181471.47	3475312.60	5181443.80	
137049	3475692.60	5180288.55	3475669.10	5180283.69	
137050	3475778.70	5180308.67	3475692.60	5180288.55	
137063	3475333.70	5181474.21	3475362.80	5181514.97	
137064	3475312.60	5181443.80	3475281.70	5181400.86	
137065	3475281.70	5181400.86	3475266.40	5181347.00	
137066	3475266.40	5181347.00	3475265.20	5181320.29	
137079	3477114.60	5183678.10	3477117.50	5183719.06	
137140	3477126.10	5183599.43	3477107.40	5183651.47	
137142	3476119.20	5181250.30	3476114.60	5181203.87	
137143	3475353.60	5181079.09	3475340.80	5181025.17	
137169	3477906.80	5182789.12	3477911.10	5182756.19	
137212	3475395.60	5181179.08	3475378.10	5181138.51	
137213	3475412.10	5181221.04	3475395.60	5181179.08	
137214	3475336.30	5181260.03	3475370.30	5181241.76	
137215	3475295.80	5181275.02	3475336.30	5181260.03	
137247	3477911.10	5182756.19	3477910.00	5182716.98	
137248	3477910.00	5182716.98	3477964.00	5182722.85	
137249	3477964.00	5182722.85	3478012.70	5182730.63	
137250	3478012.70	5182730.63	3478051.70	5182736.04	
137251	3478051.70	5182736.04	3478086.80	5182739.46	
137275	3474362.70	5181913.02	3474361.60	5181893.46	
137276	3474325.60	5181934.88	3474362.70	5181913.02	
137277	3474280.20	5181963.41	3474325.60	5181934.88	
137278	3474388.30	5181796.72	3474434.70	5181771.81	
137294	3473766.70	5182001.26	3473809.00	5182000.30	
137307	3477430.00	5184500.62	3477375.20	5184512.64	
137308	3477521.10	5183333.57	3477472.20	5183319.45	
137309	3475378.10	5181138.51	3475353.60	5181079.09	
137322	3475835.50	5181988.78	3475779.80	5181959.36	
137323	3475779.80	5181959.36	3475729.50	5181934.94	
137324	3475729.50	5181934.94	3475670.00	5181908.61	
137325	3475670.00	5181908.61	3475595.80	5181876.55	
137361	3474914.10	5181987.13	3474948.60	5182011.68	
137362	3474960.30	5182195.62	3474915.20	5182190.47	
137363	3474996.20	5182197.69	3474960.30	5182195.62	
137364	3475041.70	5182201.07	3474996.20	5182197.69	
137365	3475019.50	5182053.64	3475060.00	5182079.67	
137366	3475060.00	5182079.67	3475108.90	5182106.30	
137367	3474981.80	5182032.44	3475019.50	5182053.64	
137368	3473776.70	5182038.07	3473747.90	5182028.17	
137369	3473817.30	5182062.62	3473776.70	5182038.07	
137370	3473852.40	5182091.29	3473817.30	5182062.62	
137371	3473876.80	5182129.32	3473852.40	5182091.29	
137372	3473930.20	5182152.02	3473876.80	5182129.32	
137389	3476847.80	5180843.63	3476893.20	5180863.87	
137390	3476805.80	5180828.10	3476847.80	5180843.63	
137391	3476765.30	5180812.94	3476805.80	5180828.10	
137440	3477788.00	5182755.55	3477819.10	5182767.19	
137453	3475828.20	5181960.28	3475835.50	5181988.78	
137457	3474948.60	5182011.68	3474981.80	5182032.44	
137458	3475598.30	5182379.15	3475587.70	5182375.02	
137459	3474891.40	5181530.98	3474874.10	5181511.98	
137462	3477684.20	5183288.65	3477622.90	5183314.50	
137463	3477622.90	5183314.50	3477568.00	5183346.96	
137464	3477676.60	5183199.98	3477644.00	5183247.45	
137465	3477714.30	5183151.03	3477676.60	5183199.98	
137466	3477746.60	5183153.10	3477714.30	5183151.03	
137513	3476923.00	5183918.87	3476882.80	5183931.07	
137514	3476969.50	5183905.06	3476923.00	5183918.87	
137515	3477021.50	5183888.39	3476969.50	5183905.06	
137524	3476560.80	5179831.96	3476530.40	5179859.55	
137538	3476370.70	5183358.02	3476362.90	5183392.28	
137539	3476393.40	5183254.23	3476379.60	5183319.21	
137540	3476403.40	5183201.01	3476393.40	5183254.23	
137541	3476411.90	5183156.90	3476403.40	5183201.01	
137542	3476417.10	5183131.92	3476405.80	5183131.46	
137543	3476418.20	5183081.94	3476417.10	5183131.92	
137544	3476423.60	5183053.55	3476418.20	5183081.94	
137545	3476139.40	5183644.38	3476118.90	5183676.86	
137546	3476151.70	5183623.34	3476139.40	5183644.38	
137567	3476810.20	5180120.06	3476790.10	5180087.28	
137573	3478109.60	5182962.10	3478089.20	5183004.48	
137574	3478145.40	5182943.44	3478109.60	5182962.10	
137575	3478195.20	5182922.73	3478145.40	5182943.44	
137576	3478236.00	5182905.39	3478195.20	5182922.73	
137578	3476362.90	5183392.28	3476347.60	5183458.01	
137585	3476752.10	5180122.54	3476718.40	5180150.00	
137586	3476790.10	5180087.28	3476752.10	5180122.54	
137587	3476790.10	5180087.28	3476811.10	5180066.86	
137593	3476580.50	5179818.51	3476560.80	5179831.96	
137610	3477045.00	5180922.38	3477081.60	5180957.37	
137611	3476982.20	5180910.78	3477045.00	5180922.38	
137612	3476945.30	5180890.62	3476982.20	5180910.78	
137664	3476873.80	5180559.42	3476901.30	5180487.85	
137665	3478303.10	5182875.74	3478370.50	5182846.62	
137715	3475888.00	5182998.65	3475929.60	5183042.93	
137716	3475820.00	5182978.95	3475855.20	5182978.81	
137717	3475867.60	5182885.46	3475917.10	5182860.33	
137718	3475917.10	5182860.33	3475894.60	5182822.52	
137726	3474819.60	5182182.76	3474777.70	5182186.29	
137729	3477375.20	5184512.64	3477322.90	5184512.92	
137731	3477472.80	5184491.36	3477503.50	5184543.62	
137732	3477503.50	5184543.62	3477531.40	5184595.94	
137733	3477460.70	5184436.08	3477472.80	5184491.36	
137734	3477429.50	5184388.71	3477460.70	5184436.08	
137744	3476427.80	5181564.42	3476423.40	5181499.46	
137745	3476423.40	5181499.46	3476426.00	5181453.13	
137746	3476426.00	5181453.13	3476428.80	5181403.98	
137757	3477176.20	5183466.84	3477160.50	5183508.72	
137758	3477160.50	5183508.72	3477146.70	5183545.91	
137759	3477146.70	5183545.91	3477126.10	5183599.43	
137761	3477107.40	5183651.47	3477114.60	5183678.10	
137769	3476311.40	5183614.14	3476297.70	5183674.69	
137770	3476323.40	5183570.14	3476311.40	5183614.14	
137771	3476333.10	5183529.26	3476323.40	5183570.14	
137772	3476340.40	5183493.73	3476333.10	5183529.26	
137773	3476347.60	5183458.01	3476340.40	5183493.73	
137782	3476901.30	5180487.85	3476898.80	5180453.60	
137798	3477413.90	5184358.55	3477429.50	5184388.71	
137799	3477384.60	5184302.81	3477413.90	5184358.55	
137802	3476987.80	5182025.21	3477028.60	5182031.38	
137803	3476918.00	5182014.14	3476987.80	5182025.21	
137804	3476882.50	5182008.39	3476918.00	5182014.14	
137805	3476733.00	5182018.49	3476764.10	5182026.59	
137806	3476764.10	5182026.59	3476819.20	5182025.31	
137807	3476819.20	5182025.31	3476860.90	5182023.24	
137809	3477782.10	5183154.00	3477746.60	5183153.10	
137810	3477661.10	5184225.42	3477685.90	5184209.57	
137811	3477603.00	5184223.78	3477636.60	5184229.23	
137812	3477565.90	5184229.13	3477603.00	5184223.78	
137864	3477836.40	5182976.13	3477820.00	5183028.60	
137865	3477891.80	5182954.10	3477847.20	5182938.64	
137898	3474906.30	5182570.35	3474939.30	5182558.74	
137903	3477775.50	5182916.83	3477731.40	5182902.13	
137913	3478004.10	5182994.20	3477956.30	5182977.05	
137914	3478035.60	5183013.54	3478004.10	5182994.20	
137915	3478089.70	5183017.08	3478035.60	5183013.54	
137916	3476833.00	5180160.47	3476810.20	5180120.06	
137917	3476854.80	5180198.41	3476833.00	5180160.47	
137918	3476878.60	5180243.63	3476854.80	5180198.41	
137919	3476890.20	5180297.77	3476878.60	5180243.63	
137920	3476893.90	5180362.47	3476890.20	5180297.77	
137921	3476896.00	5180413.47	3476893.90	5180362.47	
137922	3476898.80	5180453.60	3476896.00	5180413.47	
137925	3474189.30	5182030.98	3474203.80	5181979.26	
137926	3474174.70	5181891.17	3474182.80	5181902.94	
137927	3474174.70	5181891.17	3474136.60	5181892.34	
137929	3475309.90	5182468.46	3475359.20	5182492.44	
137930	3475359.20	5182492.44	3475409.10	5182520.39	
137931	3474703.70	5181776.72	3474731.30	5181814.03	
137932	3474731.30	5181814.03	3474772.30	5181857.61	
137933	3474772.30	5181857.61	3474809.10	5181893.28	
137934	3474809.10	5181893.28	3474852.60	5181929.23	
137935	3474852.60	5181929.23	3474878.90	5181958.88	
137936	3474878.90	5181958.88	3474914.10	5181987.13	
137956	3477610.70	5182829.15	3477562.00	5182804.00	
137957	3477562.00	5182804.00	3477513.10	5182793.68	
137958	3477513.10	5182793.68	3477484.70	5182786.93	
137963	3477956.30	5182977.05	3477891.80	5182954.10	
137976	3477357.80	5182645.15	3477385.50	5182630.02	
137977	3476232.40	5183369.44	3476242.90	5183326.36	
137978	3476226.00	5183404.89	3476232.40	5183369.44	
137980	3475409.10	5182520.39	3475444.40	5182540.39	
137981	3474742.00	5182550.97	3474788.10	5182551.65	
137982	3474686.50	5182547.32	3474742.00	5182550.97	
137984	3474603.40	5182543.18	3474627.00	5182544.30	
137985	3474563.30	5182538.17	3474603.40	5182543.18	
138008	3474136.60	5181892.34	3474088.50	5181892.02	
138021	3477176.20	5183466.84	3477192.00	5183420.22	
138022	3477192.00	5183420.22	3477206.30	5183378.36	
138023	3477206.30	5183378.36	3477251.80	5183372.75	
138042	3476428.80	5181403.98	3476415.40	5181368.18	
138043	3476415.40	5181368.18	3476400.90	5181316.72	
138044	3476400.90	5181316.72	3476370.50	5181270.41	
138067	3476169.20	5183579.09	3476186.90	5183539.10	
138068	3476139.20	5183549.52	3476169.20	5183579.09	
138069	3476139.80	5183508.36	3476139.20	5183549.52	
138070	3476132.60	5183480.57	3476139.80	5183508.36	
138071	3476121.50	5183430.58	3476132.60	5183480.57	
138072	3476114.30	5183399.10	3476121.50	5183430.58	
138073	3476860.90	5182023.24	3476882.50	5182008.39	
138077	3476880.90	5179976.79	3476903.40	5179953.23	
138101	3473809.00	5182000.30	3473856.90	5182000.00	
138102	3473856.90	5182000.00	3473899.90	5182018.11	
138103	3473899.90	5182018.11	3473949.10	5182027.53	
138104	3473949.10	5182027.53	3473987.90	5182025.99	
138105	3473987.90	5182025.99	3474025.10	5182063.16	
138106	3474025.10	5182063.16	3474053.20	5182087.04	
138107	3474053.20	5182087.04	3474094.40	5182099.75	
138121	3477484.70	5182786.93	3477474.00	5182735.90	
138124	3475875.30	5180349.11	3475911.30	5180289.02	
138147	3474511.20	5182504.64	3474563.30	5182538.17	
138148	3475684.00	5182732.19	3475710.10	5182776.89	
138152	3474692.60	5182222.13	3474643.40	5182235.36	
138191	3475813.70	5181892.20	3475854.80	5181891.48	
138192	3475854.80	5181891.48	3475887.60	5181906.48	
138193	3475887.60	5181906.48	3475932.70	5181934.72	
138194	3475226.50	5182431.83	3475177.00	5182414.90	
138195	3475267.60	5182447.12	3475226.50	5182431.83	
138196	3475309.90	5182468.46	3475267.60	5182447.12	
138276	3477782.10	5183154.00	3477862.20	5183156.08	
138284	3474903.10	5181483.19	3474924.30	5181442.47	
138290	3476379.60	5183319.21	3476370.70	5183358.02	
138372	3475855.20	5182978.81	3475888.00	5182998.65	
138373	3477360.40	5183731.12	3477367.60	5183753.30	
138439	3476226.30	5180327.79	3476247.30	5180302.40	
138447	3475813.90	5181889.69	3475809.70	5181931.75	
138448	3475809.70	5181931.75	3475828.20	5181960.28	
138856	3476288.80	5183140.61	3476296.00	5183098.35	
138868	3476296.00	5183098.35	3476268.10	5183120.10	
139209	3473747.90	5182028.17	3473766.70	5182001.26	
139357	3477349.40	5183686.32	3477360.40	5183731.12	
139367	3474064.50	5181846.17	3474042.90	5181797.18	
139454	3474915.20	5182190.47	3474860.00	5182187.49	
139455	3474193.10	5181935.58	3474174.70	5181891.17	
139456	3474223.90	5181976.01	3474193.10	5181935.58	
139457	3474132.80	5181760.95	3474182.10	5181771.51	
139458	3474080.20	5181763.22	3474132.80	5181760.95	
139474	3476280.60	5183217.74	3476288.80	5183140.61	
139476	3474094.40	5182099.75	3474128.90	5182111.83	
139477	3474128.90	5182111.83	3474137.60	5182059.79	
139478	3474137.60	5182059.79	3474189.30	5182030.98	
139523	3474042.90	5181797.18	3474080.20	5181763.22	
139545	3474088.50	5181892.02	3474064.50	5181846.17	
4464274	3476086.60	5182538.91	3476091.30	5182538.07	
4464276	3476196.60	5183039.36	3476200.60	5183038.60	
4464277	3474712.80	5181737.29	3474716.80	5181736.24	
4469213	3475809.40	5189497.97	3477160.90	5183456.22	
4473055	3476291.30	5181172.15	3476271.70	5181181.45	
4476795	3476469.40	5181619.09	3476633.50	5181561.94	
4477434	3476473.30	5181613.74	3475692.80	5181655.79	
4477436	3475689.90	5181651.99	3476474.40	5181617.46	
4478174	3476634.50	5181561.98	3476713.90	5181402.98	
4483772	3473878.40	5182224.28	3473930.20	5182152.02	
4483774	3473973.80	5182166.97	3473881.60	5182223.58	
4484654	3473883.60	5182223.12	3473884.60	5182220.01	
4501891	3475169.10	5181536.09	3475203.50	5181605.58	
4505481	3477317.00	5182264.95	3477361.20	5182262.77	
4505483	3477363.60	5182262.91	3477425.60	5182259.14	
4506588	3479150.70	5182837.87	3479160.70	5182821.94	
4507902	3475266.40	5181347.00	3475256.70	5181343.45	
4516362	3476729.60	5180775.89	3476692.90	5180759.26	
4516382	3476692.90	5180759.26	3476647.10	5180733.21	
4516402	3476647.10	5180733.21	3476600.00	5180768.01	
4516404	3476600.00	5180768.01	3476578.20	5180809.83	
4516442	3476578.20	5180809.83	3476548.80	5180866.72	
4527538	3475954.40	5183074.01	3475976.40	5183100.88	
4527540	3475976.40	5183100.88	3476004.70	5183134.86	
4528602	3476466.00	5181670.02	3476138.00	5181727.13	
4528610	3476824.00	5180620.08	3476059.70	5180336.64	
4528612	3476824.30	5180620.34	3476838.70	5180603.95	
4528614	3476054.40	5180356.42	3475875.30	5180349.11	
4531210	3477471.40	5181685.71	3477502.10	5181624.70	
4531211	3477471.40	5181685.71	3477421.60	5181133.70	
4531212	3477421.90	5181133.06	3476824.50	5180620.66	
4531213	3477398.60	5181909.59	3477423.40	5181852.62	
4531214	3476824.50	5180620.66	3476812.20	5180639.19	
4531215	3477273.50	5182402.09	3477331.60	5182092.93	
4531216	3477311.90	5182081.91	3477284.30	5182079.29	
4531217	3477374.20	5181968.44	3477349.70	5181963.15	
4531218	3477332.90	5182078.55	3477311.90	5182081.91	
4531219	3477440.50	5181810.94	3477412.20	5181801.17	
4531220	3477332.90	5182078.55	3477326.00	5182055.16	
4531221	3477332.90	5182078.55	3477355.10	5182020.06	
4531222	3477355.10	5182020.06	3477374.20	5181968.44	
4531223	3477331.60	5182092.93	3477332.90	5182078.55	
4531224	3477454.40	5181755.16	3477471.40	5181685.71	
4531225	3477440.50	5181810.94	3477454.40	5181755.16	
4531226	3477423.40	5181852.62	3477440.50	5181810.94	
4531227	3477374.20	5181968.44	3477398.60	5181909.59	
4532736	3477167.50	5183452.96	3476913.00	5183603.76	
4534946	3476045.40	5182612.02	3476042.20	5182615.73	
4535518	3476570.60	5179652.12	3476610.10	5179604.96	
4535520	3476610.10	5179604.96	3476588.90	5179578.81	
4535523	3476588.90	5179578.81	3476559.10	5179543.84	
4535525	3476559.10	5179543.84	3476524.20	5179499.28	
4535527	3476524.20	5179499.28	3476551.80	5179464.23	
4544026	3476336.30	5182553.57	3476295.60	5182541.77	
4544028	3476337.70	5182553.63	3476295.40	5182546.98	
4544884	3475598.30	5182379.15	3476044.00	5182613.51	
4546097	3477162.30	5183456.71	3475810.60	5189498.70	
4558304	3477271.60	5182406.20	3477275.70	5182410.55	
4561183	3474993.20	5181237.59	3474990.90	5181240.06	
4561185	3475067.00	5181267.57	3474990.80	5181237.19	
4561592	3475068.00	5181266.59	3474888.10	5181060.12	
4565351	3477331.60	5182092.93	3477333.30	5182096.64	
4567615	3474627.00	5182544.30	3474656.00	5182545.78	
4567617	3474656.00	5182545.78	3474686.50	5182547.32	
4572727	3476915.40	5183603.88	3476798.80	5183501.53	
4573001	3477583.60	5184718.49	3477596.30	5184754.76	
4573003	3477596.30	5184754.76	3477613.50	5184807.47	
4573005	3477613.50	5184807.47	3477627.80	5184847.93	
4573007	3477627.80	5184847.93	3477653.10	5184895.28	
4573009	3477653.10	5184895.28	3477710.20	5184924.17	
4573011	3477710.20	5184924.17	3477736.00	5184956.13	
4573013	3477736.00	5184956.13	3477776.90	5184956.81	
4573015	3477776.90	5184956.81	3477820.80	5184949.12	
4573017	3477820.80	5184949.12	3477853.40	5184934.07	
4575106	3479383.70	5182715.26	3479410.90	5182657.89	
4575648	3477398.60	5181909.59	3477410.80	5181898.55	
4575652	3477410.80	5181898.55	3477419.90	5181906.40	
4575740	3477420.90	5181906.42	3477431.30	5181908.69	
END					
